1.0778 0.86111
1.6173 0.94568
3.3376 1.565
1.1927 -0.90241
-1.0183 2.3423
1.0599 1.3005
-2.9829 -1.1132
-0.01103 0.69469
2.9999 1.1401
-0.12478 -0.35958
0.45073 -0.31427
-4.0674 -4.8175
2.1707 2.1255
1.3421 0.56521
-0.40604 -1.8755
-3.7318 -3.7285
-1.4929 0.84555
-3.0342 -3.6446
0.86749 -0.18453
1.4159 -1.0848
-1.5862 -3.1573
-1.6141 -0.31715
-3.8799 -1.661
-0.86005 -0.32168
-2.606 0.8271
-0.29027 -0.64698
2.5029 4.0276
0.26382 0.4777
-0.47923 -1.5484
-1.0243 -1.3497
0.19963 0.27466
-1.3459 -1.7522
-2.6716 -2.1691
1.4504 0.48358
0.38673 1.7111
3.525 1.5895
3.2243 6.0856
-1.4912 0.7595
-0.97425 -0.81964
-0.79749 -0.15209
-0.18412 -0.25871
-4.4087 -3.3392
-0.26512 0.329
0.94718 -0.41517
1.5224 1.9436
-1.1945 0.15441
1.8985 2.6547
0.74262 1.8377
-1.4008 -2.5162
0.66666 2.5619
0.73364 -1.6074
-1.7638 -0.97085
1.3529 2.6091
-4.6718 -1.2124
0.17098 1.2523
-0.8062 -0.16381
-2.8255 -3.0049
0.61806 0.53278
2.6419 1.4987
-0.97485 0.016928
-0.35283 -0.22511
0.61046 1.752
-0.13436 -1.2447
0.58705 1.0513
0.92846 0.76647
3.6334 2.0941
-0.7857 -2.1186
4.2942 5.1278
1.3709 -1.0232
2.9624 0.55082
-3.6352 -3.8555
1.7529 1.8911
0.89649 0.73416
-1.0317 -3.2488
-0.61671 1.6482
2.7915 -0.12286
-2.8025 -2.6688
0.08588 2.3534
-1.7742 1.5387
0.04501 -0.83086
2.8712 1.3099
-1.152 -0.7746
1.3686 1.0908
1.5286 2.8162
-1.3645 0.01155
-4.6771 -4.3826
2.2482 -0.47083
-1.5359 -2.1112
2.603 -0.23748
-0.054329 0.72621
-2.0124 1.3041
1.0019 -0.70778
4.7452 3.0037
2.1214 3.7488
0.68229 -0.11674
0.16476 1.1403
2.0063 -1.2188
4.7435 3.0409
2.5457 1.41
-3.245 -1.1982
-0.61723 -0.72744
-0.083183 -0.89421
-2.264 -0.060532
-1.6372 -1.368
-0.28179 2.1598
0.91609 1.3396
0.13277 0.012194
0.50814 -2.8308
-2.0821 -1.1941
-1.235 -4.0883
-0.65497 -0.84128
-1.1756 -0.93375
0.21616 1.2881
-0.3088 -0.84911
0.75885 1.0151
-0.28816 -0.57938
5.7411 4.5378
0.43514 -0.84356
-0.72259 -0.034097
1.4323 -0.67098
-0.82641 0.63575
0.22783 0.7424
-0.5378 0.61954
0.16974 -1.7266
1.1931 0.35077
0.16716 0.75973
0.7311 -0.037442
0.18909 3.268
1.705 1.9029
4.1879 4.346
0.92031 0.64627
0.007939 -0.79138
1.2773 2.141
3.0826 1.9795
0.15505 -1.1174
-0.76985 -1.4524
-0.807 -2.3257
1.2652 -0.8599
3.1301 0.38327
2.2542 3.9993
1.2298 1.7082
-1.2124 -0.51522
1.3739 0.69812
1.0193 -0.49227
-2.8484 -0.24709
1.6612 0.014512
-1.6168 -2.7271
1.0593 0.29458
0.66779 0.77204
1.859 0.44853
1.3264 0.8823
-1.2857 -1.6501
4.7786 0.40297
-2.8684 -1.8364
2.5632 2.6282
-3.4712 -1.2823
-1.4098 -2.6672
0.82192 0.34612
0.86205 0.55128
-0.41617 2.1468
-0.10787 -0.27836
-0.26599 -0.4809
0.31236 -1.497
-2.2635 -4.2641
-1.6327 -0.87565
-1.5087 -2.9005
-0.18261 1.2959
-0.47883 0.25328
0.69514 1.5015
-1.2267 -2.2539
-1.2099 0.64561
-0.30453 -0.54386
5.5393 5.6768
2.4571 0.55131
-2.9124 -0.26779
2.0997 1.765
0.71411 1.6122
-0.24855 0.7694
-3.4376 -2.6467
-1.2963 0.32173
-2.1022 -0.86558
-3.2987 -3.6655
-1.185 1.6474
2.5854 0.56867
1.6549 0.63293
0.040128 2.1971
0.08053 0.42302
0.045033 4.1813
1.5321 0.52775
-0.69023 -0.45871
1.0982 1.0041
-2.1939 -0.60455
-1.8269 -2.8503
-2.1746 -1.1615
-1.5034 -2.6466
-0.77934 -1.8318
-0.10406 1.3883
-0.47466 2.9068
-0.8389 -0.95193
-0.059299 -1.992
0.25989 0.90496
-1.2357 -0.54282
-0.59423 -2.6115
3.4555 5.2714
1.422 1.4333
-2.9691 -0.75902
1.0472 0.51803
1.5382 1.0363
-2.48 0.12848
-2.6457 -3.1672
1.4026 1.2435
0.68412 2.1684
-1.1375 -1.9512
1.7891 2.184
0.49639 2.3656
1.1528 -0.67794
-2.1722 -2.0283
0.11509 -0.64675
-4.7817 -5.0064
3.4935 0.80554
0.043486 0.3107
2.8872 1.8099
-0.058866 2.8638
-0.88239 -0.12524
-0.88184 -3.8172
3.7441 3.9524
-3.2331 -2.6453
-0.54146 1.8702
1.7549 2.9062
-1.545 -0.32711
1.3583 1.5088
-0.2382 -2.1668
3.0676 1.1204
-2.7315 -1.9133
-0.59673 -0.13097
-0.060788 -0.34748
-2.441 -0.4676
-4.0298 -1.1748
-0.11397 0.42752
-2.6343 -3.1003
-3.3926 -3.2348
1.2785 -1.0085
-0.20819 -1.4442
2.5962 2.4549
1.1744 0.91665
2.3828 -0.54944
1.4525 2.0651
-0.0051374 0.97978
2.1593 4.5991
2.4535 1.7218
-2.926 -3.6417
0.95049 0.015824
0.10268 -0.54223
-1.5719 -0.716
-1.625 -1.3949
-3.0598 -2.1534
-0.38209 1.1404
0.6753 1.0369
1.02 1.1893
1.7594 2.7456
-3.5426 -2.8802
-0.099311 -0.20065
1.2267 2.8555
0.12757 0.48125
0.024888 -1.3445
-0.39914 -1.6214
2.4983 0.17035
-0.90348 -1.1669
-3.3175 -2.0433
-0.04867 0.40383
-1.5196 -1.2533
1.9923 1.4547
-5.8586 -4.9473
-2.2422 -2.0908
1.3464 0.92975
3.557 0.23718
-2.8915 -2.7417
-0.80379 0.26591
-3.2167 -2.0577
2.072 2.6481
2.4809 -0.37043
-0.59198 0.16636
0.73442 0.014054
1.1868 1.515
1.4073 -0.25634
0.35243 -0.83557
-0.8154 -1.3554
0.21757 -3.5016
-1.7718 0.74547
0.12532 1.4364
-1.3176 0.06011
0.43101 -1.0834
-0.61412 -0.10717
0.9808 0.6071
1.7918 1.1223
2.4041 1.0425
0.20829 0.82178
-1.3247 0.36439
-0.646 0.59033
1.6729 -1.3884
1.5662 -0.73695
-0.71251 0.6121
2.6318 -0.17938
-0.95119 -0.39361
0.32178 -1.4526
-1.3337 -1.8739
0.64964 -1.9864
0.90759 0.10979
-0.75423 -1.1471
4.478 2.5104
-2.2657 -2.625
2.7904 1.9348
1.2919 0.48916
-1.9857 -1.9337
0.027621 1.6841
4.6014 3.8319
0.25706 -2.679
1.7288 -1.3093
-1.8444 -0.099667
-2.5694 -2.7523
0.62331 0.26658
-0.48834 -0.21331
1.7931 1.5714
1.1038 0.54543
0.77577 0.26849
-0.61934 -2.2023
-2.0827 0.31767
1.7046 1.6159
2.0615 1.4134
2.6222 1.3445
1.9234 0.15611
0.33098 0.78261
-2.46 0.023049
3.0085 1.2742
1.2715 3.245
-0.47822 -1.1701
0.80622 -0.003149
3.5174 3.1262
-4.0133 -4.7759
-1.4815 -2.5019
-0.0074963 0.46062
-3.0475 -2.6219
-0.65711 -2.9432
2.1444 -1.0027
-2.9122 -3.5631
0.071387 1.7735
1.496 1.3608
0.97144 0.73657
-0.99726 -2.9175
2.3171 1.8121
-1.4669 1.1564
-2.3073 -3.2145
-2.4311 1.0832
0.74333 -0.69432
0.89035 2.525
-1.6363 -1.1712
3.308 1.2173
2.0107 -0.19631
-0.15681 0.37146
1.1055 1.3915
0.30762 0.56074
0.41592 -1.4205
0.90599 -0.88415
2.6979 4.0762
-1.1634 0.42421
2.6728 0.748
1.9246 1.6743
0.12746 -1.1386
2.7951 1.4705
0.31681 1.2292
-0.15226 1.9007
0.13826 0.16999
-0.20496 0.92285
-1.3377 -0.37625
-0.87444 0.39625
0.97015 1.3496
5.6102 2.5046
-0.06484 1.1501
-1.1549 -1.4802
-2.3106 -0.84219
1.7943 1.0068
0.43504 -1.6275
1.2502 0.62217
-0.68026 0.85994
1.3662 1.0091
1.4831 1.338
0.80997 1.7247
2.0133 -0.079161
-1.3916 -1.6826
-1.9562 -0.69586
0.18221 -0.81277
-3.5828 -3.449
-1.7375 -0.90109
-0.84861 -2.4023
-3.718 -3.3699
1.2008 1.0781
1.1562 2.0227
-0.2921 0.2092
1.6265 1.2588
3.2954 0.65072
2.5719 3.2637
0.79756 0.8423
-0.65983 -0.9955
-0.22945 -0.57848
4.4818 4.3768
-2.6331 -1.1878
-1.5845 -0.789
-1.7524 -0.66267
-5.9197 -3.7682
2.5206 1.4598
-0.72897 -2.8278
0.28126 -0.79304
0.61279 -0.0037517
-1.8904 -0.33031
3.0548 0.027815
-1.0741 -0.59522
0.66532 1.4467
-0.21707 0.40888
1.138 1.249
-2.621 -2.9067
1.5859 1.1954
0.61983 2.2551
1.6824 3.5076
1.1262 3.0612
0.44436 -2.9643
-1.9574 2.3551
2.8994 1.3695
-0.043751 1.3231
-0.44421 0.14142
-0.61127 -2.0526
0.71235 2.3566
0.091042 -0.70163
-0.97211 -0.70027
-1.1898 0.26706
2.8423 2.5082
-0.64903 -1.6736
-1.4367 -0.7229
2.3487 2.3485
0.54365 1.435
-1.8779 -2.3446
-1.017 0.72134
1.2495 -1.0266
-3.4223 -5.2809
0.59008 1.1336
-0.78428 2.0844
-1.6936 -0.111
0.55278 1.1899
-1.1055 -0.31088
0.84605 0.053519
-1.146 -0.78893
0.26514 -1.5165
-2.163 -1.0892
-2.2741 -1.5073
-1.3029 -1.9988
3.3283 1.1613
-5.98 -4.1492
-0.54873 0.14458
-0.44509 -0.99195
0.56021 0.13524
1.0461 2.5951
2.4546 3.9043
1.2906 0.0090355
0.9219 -0.58379
-0.35516 -1.548
-2.5702 -1.702
2.0555 -0.52959
-1.572 -0.77856
1.3227 -0.67617
1.1832 -0.10592
1.5145 1.3052
-2.4044 -1.4834
-1.8388 -1.7177
-3.1005 -3.0424
-0.39559 2.5551
-0.25441 -2.3101
0.93345 -0.057696
1.3077 -2.9509
-0.32089 -1.1891
5.2871 5.5473
-1.8103 -2.371
-0.92572 0.092056
0.93163 1.5448
0.78096 -0.50542
-0.66238 -0.80057
2.9562 1.4778
0.38415 1.7288
-1.06 -2.4581
-0.93255 -0.30589
-0.59075 -0.0018724
2.337 3.7265
-1.6901 -0.80727
-2.2517 -2.0948
-1.4012 -1.185
1.4481 2.3762
-0.66089 -1.0225
-0.98536 0.1091
-0.028713 -2.5448
-1.7367 2.1516
1.7274 2.0423
2.5896 0.72829
10.161 9.6304
10.846 9.2006
12.672 8.3298
12.125 6.9933
5.6544 13.886
9.6871 10.277
6.3739 10.954
8.7752 10.504
12.623 8.0673
9.6887 9.1136
10.465 8.5909
8.6051 6.7677
10.432 10.322
10.841 8.9379
10.834 7.2346
7.9731 7.9812
6.5038 12.232
8.8843 7.3891
10.928 8.351
12.63 6.5049
10.456 6.6075
7.5174 10.694
5.6513 11.087
8.5994 9.9181
4.9323 13.342
9.7456 8.8718
8.9656 12.7
9.3894 9.9133
10.396 7.7766
9.414 8.6168
9.5049 9.6887
9.3651 8.3701
7.8964 9.1274
11.079 8.7106
8.3062 11.55
12.915 8.1734
7.8959 14.905
6.5942 12.107
8.9445 9.3232
8.5157 10.097
9.501 9.3183
6.6086 9.2283
8.7854 10.241
11.277 7.9401
9.6917 10.723
7.6356 10.94
9.5032 11.356
8.6855 11.368
10.067 7.3344
7.8378 12.48
12.189 6.4544
7.9707 9.9129
8.7701 11.847
4.062 12.536
8.4662 11.115
8.5152 10.089
8.5296 8.0901
9.8394 9.6305
11.745 8.9451
8.0898 10.519
9.2256 9.5385
8.5842 11.38
10.578 7.8587
9.2658 10.403
10.044 9.6476
12.554 8.7838
10.54 7.2747
10.402 12.444
12.503 6.6387
13.171 7.2636
8.2407 7.7013
10.075 10.413
10.032 9.634
11.342 5.9109
6.9366 12.484
13.614 6.4754
8.2195 8.5469
7.2208 12.775
5.3946 13.509
10.412 8.2669
12.266 8.4413
8.6444 9.569
10.342 9.6619
8.8099 11.964
7.5386 10.909
7.29 8.0114
13.193 6.5327
9.4602 8.0509
13.462 6.504
8.6812 10.593
5.2936 13.417
11.654 7.4661
13.215 8.9488
8.7052 12.691
10.594 8.6368
8.5716 10.961
13.611 5.7109
13.174 9.0038
11.698 8.9165
6.0863 11.1
9.3605 9.0905
10.294 8.3072
6.3268 11.724
8.5569 9.2162
6.893 12.874
9.4418 10.479
9.6773 9.3819
13.115 4.9365
7.7436 9.9189
11.908 4.9188
9.4228 8.9664
8.7732 9.3656
8.4942 11.12
9.9254 8.6019
9.5482 10.176
9.6796 8.9662
13.072 10.125
10.983 7.8506
8.5023 10.189
12.231 7.0794
7.6703 11.252
9.0678 10.328
8.0992 10.934
11.505 6.8596
10.847 8.7835
8.9635 10.415
10.583 8.7003
6.4348 13.977
9.9941 10.479
11.048 11.435
10.155 9.4842
10.319 8.3611
9.14 11.256
11.884 9.1823
10.862 7.7452
9.8823 8.2105
10.721 7.0005
12.186 6.98
13.581 6.853
8.6392 12.914
9.5139 10.686
8.2935 10.001
10.751 9.0953
11.459 7.7563
5.6822 12.054
11.859 7.8253
9.973 7.2536
10.713 8.8398
9.6662 9.9216
11.698 8.2436
10.495 9.407
9.347 8.4545
15.917 5.1986
7.2756 9.8037
10.48 10.639
5.8489 11.211
10.208 7.1279
10.321 9.1557
10.169 9.4079
6.7142 12.992
9.63 9.2124
9.6108 9.0843
11.474 7.0422
10.618 5.7172
8.0608 9.9152
10.305 6.8953
7.9165 11.538
8.5573 10.351
8.9608 10.936
10.048 7.5314
7.1122 11.657
9.6199 9.0337
11.621 11.958
12.448 7.78
5.6119 12.09
10.699 9.8791
8.8749 11.075
8.3596 10.853
7.2895 9.2266
7.3193 11.283
7.3796 10.409
8.5277 7.6292
6.1255 13.063
12.614 7.6739
11.219 8.7154
7.315 12.598
9.1833 10.022
5.2968 15.429
11.151 8.6904
8.9819 9.549
10.044 9.8138
6.9822 10.875
9.7986 7.2919
7.5783 10.06
10.053 7.2527
10.256 7.678
7.9344 11.59
5.8551 14.138
9.2729 8.996
11.448 6.7142
8.9477 10.528
8.2883 9.9856
11.316 6.3749
9.0573 13.505
10.069 10.097
6.0322 11.446
10.468 9.1714
10.64 9.4108
5.8252 12.215
8.9522 7.6747
10.235 9.8452
8.2644 11.9
9.8662 7.8729
9.8273 10.795
7.7949 12.373
11.839 7.3548
8.4664 8.8187
10.325 8.4584
7.7771 7.2269
13.67 7.0855
9.245 9.8996
11.778 9.1394
6.4931 13.652
8.367 10.222
12.136 4.9457
10.816 11.326
7.5801 9.0201
6.8176 12.725
9.0414 11.862
7.6263 10.609
9.901 10.27
11.371 6.6471
12.74 7.97
7.5498 9.554
8.781 9.9219
9.7678 9.0655
6.4894 11.323
4.9409 11.934
8.9008 10.227
8.9002 7.7586
7.9539 8.3405
12.356 6.7541
10.677 7.6489
10.704 10.358
10.243 9.6111
13.465 6.283
9.4677 10.968
8.4927 10.905
7.8915 13.868
11.248 9.4561
9.0359 7.2829
10.842 8.5525
10.2 8.6204
7.9847 10.081
8.6017 9.1654
7.3257 9.5461
7.7901 11.519
9.4067 10.292
9.7436 10.158
9.2118 11.627
7.3777 9.0002
9.5629 9.3147
8.3385 12.328
9.1911 10.057
10.908 7.5535
10.584 7.5906
12.896 7.1936
9.4 8.7548
6.8452 9.9663
9.0183 10.127
8.6077 9.2602
10.862 9.5451
6.1782 8.4104
8.43 8.801
10.475 9.4543
14.34 6.2085
8.1666 8.5336
8.0801 10.7
7.0038 9.8429
9.7579 11.169
13.423 6.4387
8.4843 10.342
10.535 8.7705
9.6495 10.453
11.773 7.6974
10.856 7.9464
9.7183 8.3955
13.385 4.2746
6.2075 12.374
8.2131 11.424
7.556 10.931
11.222 7.512
8.7319 9.9736
10.282 9.3664
10.915 9.2748
11.871 8.536
8.9589 10.462
7.2353 11.373
7.9745 11.003
13.307 5.8088
12.49 6.8485
7.8572 11.102
13.444 6.5576
8.5426 9.9084
11.442 7.096
9.5068 8.1837
12.456 5.9987
10.685 8.7306
9.593 8.6307
13.336 8.5167
8.9418 8.0616
11.512 9.4166
10.847 8.8805
8.6363 8.7636
7.8207 11.878
12.164 10.279
12.602 5.4097
13.307 5.8647
6.9664 11.24
8.6377 8.1898
10.119 9.2447
9.0199 9.6936
10.458 9.9153
10.52 9.1528
10.334 9.0919
10.863 6.9854
6.1999 12.08
10.286 10.069
11.003 9.4155
11.875 8.7448
12.089 7.76
9.1742 10.28
5.9614 12.044
12.498 8.2501
8.0048 12.839
10.011 8.3161
10.655 8.6727
11.335 10.377
8.6399 6.7719
9.9366 7.4371
9.0192 10.166
7.8214 8.8641
11.565 5.9652
13.587 5.8787
8.9754 7.3811
7.7919 11.961
10.249 9.9175
10.136 9.561
11.053 6.3491
10.961 9.7244
6.2238 12.65
9.484 7.2617
4.9207 13.529
11.271 7.7493
8.1952 12.199
8.3573 9.4965
12.984 7.8632
12.573 7.1673
8.8968 10.191
9.6593 10.36
9.3673 9.9873
11.544 7.0459
11.697 7.312
9.1947 12.571
7.4046 11.294
12.556 7.8409
10.541 9.928
10.844 7.743
11.993 8.7484
8.6982 10.933
7.3426 12.371
9.5241 9.6018
8.2653 11.028
7.9726 10.328
7.8461 10.959
9.5087 10.438
14.96 7.353
8.2336 11.209
9.3606 8.5636
7.058 10.655
11.036 9.1073
11.783 6.7305
10.651 9.113
7.6503 11.423
10.422 9.5474
10.254 9.8981
8.8971 11.138
12.458 7.3321
9.2289 8.516
7.415 10.502
10.59 8.1527
7.9008 8.2285
7.937 9.9858
10.739 6.9336
7.6268 8.4795
10.115 9.815
9.0877 11.21
8.8691 10.097
10.539 9.6387
13.544 7.0665
9.8439 11.539
9.7799 9.8895
9.5732 8.751
9.7625 8.9076
11.437 11.18
6.9499 10.49
8.0412 9.9898
7.6724 10.342
4.8873 10.158
11.612 9.0132
11.345 6.2034
10.711 8.0798
10.379 8.8692
7.1361 10.957
13.837 6.4219
8.5727 9.7458
8.9741 10.888
8.7725 10.306
9.8512 10.123
8.7216 8.0217
10.546 9.5894
8.084 12.09
8.3239 12.795
7.9848 12.725
13.16 4.8109
4.2995 14.863
12.245 8.4977
8.0871 11.435
8.7209 10.155
10.722 7.191
8.1126 12.14
10.346 8.4045
8.8257 9.4916
7.5274 11.096
11.001 10.183
10.281 7.7711
8.1849 9.9334
10.459 10.459
8.8122 10.996
9.2096 8.0665
7.3106 11.569
12.333 6.7579
9.9999 5.447
9.1862 10.517
6.252 13.279
7.1933 11.07
9.0754 10.636
8.2376 10.184
10.654 8.713
8.6677 9.5423
11.427 7.0624
7.521 10.151
7.789 9.6673
9.6784 7.9737
13.07 7.7624
5.1902 9.6746
8.5684 10.267
9.8764 8.5369
10.162 9.1215
8.3461 12.14
9.0226 12.573
11.335 8.1957
11.413 7.7249
10.572 7.6506
7.5646 9.6913
12.978 6.6453
8.0485 9.9919
12.08 7.1839
11.299 8.141
10.332 9.8193
7.5784 9.8344
8.6257 8.9224
8.175 8.3172
6.3269 13.555
11.494 6.4588
10.893 8.4649
14.38 3.9489
10.255 8.1285
11.393 12.03
9.3332 7.9598
8.0833 10.576
9.2545 10.756
11.132 7.9807
9.3706 9.0321
12.216 8.5944
8.2845 11.578
10.494 7.0696
8.4797 10.015
8.6578 10.1
9.0359 12.439
7.909 10.071
8.4206 8.805
8.7073 9.2369
9.144 11.417
9.5992 8.7135
7.9807 10.662
12.056 5.8931
4.8224 14.347
9.8838 10.655
12.457 7.8977
11.306 -7.4403
11.95 -7.2601
13.507 -6.5847
13.963 -7.9162
6.2474 -7.6178
10.66 -7.3186
8.3558 -9.1824
10.002 -7.8026
13.63 -6.8049
11.332 -8.1398
12.082 -7.9606
12.061 -10.565
11.064 -6.7598
12.099 -7.4494
13.078 -8.6586
10.995 -10.154
7.6929 -8.1869
11.863 -9.928
12.488 -7.8028
14.536 -7.9044
13.222 -9.3694
9.1659 -8.5575
7.862 -9.5995
10.239 -8.3411
6.1449 -8.5135
11.504 -8.2706
8.8437 -6.1148
10.698 -7.7859
12.512 -8.5853
11.46 -8.6853
10.894 -7.8631
11.574 -8.8943
10.289 -9.3974
12.367 -7.4417
9.1271 -7.3944
13.737 -6.5236
6.9534 -5.3125
7.8171 -8.2112
10.781 -8.5179
10.087 -8.2741
11.105 -8.1278
9.4875 -10.237
10.16 -7.9816
12.927 -7.8464
10.404 -6.9995
9.0923 -8.3003
9.9305 -6.6856
9.4513 -7.2551
12.577 -9.1307
8.3197 -7.068
14.311 -8.2522
9.8787 -8.7894
9.2234 -6.8563
6.1076 -9.6986
9.4708 -7.5891
10.092 -8.28
11.254 -9.6831
11.121 -7.6678
12.617 -6.8047
9.5974 -8.2765
10.819 -8.1668
9.3857 -7.318
12.57 -8.3981
10.343 -7.527
11.229 -7.5107
13.177 -6.3466
12.885 -8.8384
9.8211 -5.2801
14.386 -7.8996
14.41 -6.9858
11.311 -10.162
10.805 -6.9481
11.23 -7.5293
14.135 -9.2357
7.797 -7.7022
15.121 -7.2296
10.811 -9.5794
7.7932 -7.2958
6.315 -8.068
12.239 -8.2269
13.208 -6.793
10.466 -8.5562
11.393 -7.29
9.1791 -6.7458
9.054 -8.3905
10.583 -10.615
14.845 -7.4869
11.814 -9.0528
15.017 -7.3171
9.8962 -7.806
6.3098 -8.2045
13.418 -7.9151
13.463 -5.7631
8.6986 -6.3054
12.13 -7.8367
9.6203 -7.6232
15.561 -7.7727
13.408 -5.7528
12.606 -6.8581
8.1054 -9.2826
11.156 -8.3882
12.147 -8.2821
7.8838 -8.671
10.619 -8.8675
7.547 -7.4579
10.401 -7.3488
11.171 -7.9582
15.722 -8.6705
9.7441 -8.9458
15.035 -9.5367
11.263 -8.4319
10.658 -8.6089
9.4841 -7.5658
11.764 -8.3343
10.638 -7.4879
11.412 -8.2504
12.702 -5.0327
12.808 -8.1179
10.026 -8.2184
13.974 -7.7802
8.9322 -8.055
10.272 -7.7199
9.3633 -7.9764
13.682 -8.4494
12.191 -7.5543
10.162 -7.7324
12.087 -7.7998
6.6457 -7.002
10.72 -6.9585
10.777 -5.5365
11.388 -7.5478
12.13 -8.2262
9.7786 -7.0132
12.56 -6.5387
12.8 -8.2778
11.965 -8.6415
13.148 -8.9043
14.005 -7.883
14.885 -6.9858
8.5321 -6.1948
10.324 -7.1519
10.014 -8.4987
11.956 -7.4019
13.138 -7.8479
7.3212 -8.8936
13.329 -7.5163
12.57 -9.254
12.081 -7.6092
10.853 -7.5844
12.995 -7.3339
11.628 -7.3624
11.515 -8.8475
17.188 -6.5042
9.5404 -9.3582
10.908 -6.5014
7.9044 -9.3722
12.778 -9.1769
11.673 -7.6628
11.439 -7.592
7.3753 -7.5004
11.241 -8.1115
11.304 -8.2156
13.559 -8.342
13.829 -9.8844
9.9294 -8.7241
12.968 -9.2728
8.9091 -7.6786
9.9646 -8.0651
9.8597 -7.3659
12.453 -9.0048
8.3758 -8.1629
11.338 -8.2449
10.806 -4.7622
13.695 -7.1316
7.2599 -8.918
11.473 -6.8844
9.7299 -7.3285
9.5604 -7.8496
9.8816 -9.7564
8.7117 -8.2813
9.2511 -8.8567
11.519 -10.01
6.9944 -7.8665
13.852 -7.0895
12.445 -7.3396
7.9496 -7.3542
10.516 -7.8546
5.1505 -6.78
12.42 -7.4054
10.673 -8.3317
11.133 -7.3931
8.7523 -8.8078
12.447 -9.3502
9.5673 -8.9631
12.617 -9.198
12.488 -8.7538
8.8895 -7.6293
6.2179 -7.2979
11.16 -8.517
13.733 -8.5922
10.088 -7.6637
10.02 -8.5134
13.853 -8.9254
8.4319 -5.4808
10.984 -7.1758
7.8745 -9.0762
11.748 -7.5482
11.71 -7.2568
7.311 -8.6788
11.738 -9.678
11.225 -7.2362
8.9009 -7.1766
12.151 -8.8916
10.441 -6.853
8.3566 -7.1738
13.589 -7.8629
10.797 -9.2126
12.077 -8.1535
11.318 -10.826
14.801 -6.759
10.622 -7.8978
12.523 -6.6441
6.8668 -7.1903
9.9292 -8.2909
15.151 -9.3565
10.705 -5.7782
10.169 -9.697
7.5894 -7.6164
9.3718 -6.6544
9.2776 -8.5404
10.787 -7.1723
13.727 -8.6943
13.754 -6.791
9.8429 -9.3408
10.341 -8.2101
11.405 -8.1179
8.2092 -8.8396
6.9623 -9.5024
10.234 -7.9095
11.659 -9.6554
10.777 -9.9132
14.234 -7.9221
12.748 -8.477
11.2 -6.5419
11.365 -7.3964
15.147 -7.4708
10.134 -6.9846
9.6071 -7.7186
7.5497 -6.049
12.035 -6.7947
12.012 -9.8959
12.322 -7.721
11.912 -8.1269
9.7895 -8.6605
10.675 -8.8718
9.7181 -9.5049
8.8469 -7.7811
10.489 -7.5057
10.761 -7.3622
9.6053 -6.6995
10.063 -9.8541
11.143 -8.0866
8.6966 -6.8216
10.5 -7.8242
12.937 -8.3809
12.728 -8.5833
14.292 -7.2296
11.372 -8.5977
9.198 -9.5475
10.36 -7.8975
10.623 -8.8005
11.76 -7.005
9.7112 -11.119
10.786 -9.2508
11.589 -7.3429
15.695 -6.9047
10.788 -9.6262
9.4872 -8.1553
9.3608 -9.5226
10.185 -6.6374
15.032 -7.3908
9.9275 -8.1229
12.019 -7.7839
10.536 -7.2201
13.353 -7.6677
12.68 -8.1395
11.764 -8.6267
16.26 -8.948
7.44 -8.2963
9.1459 -7.5492
9.0516 -8.363
13.142 -8.1883
10.283 -8.2082
11.528 -7.5416
11.947 -7.1588
12.926 -7.0051
10.132 -7.7026
8.6113 -8.2772
9.2516 -8.0161
15.329 -7.9179
14.257 -7.7606
9.1267 -8.029
14.976 -7.292
10.211 -8.3882
13.509 -8.3264
11.764 -8.9259
14.728 -8.3859
12.128 -7.7063
11.556 -8.5489
13.783 -5.9826
11.508 -9.4118
12.21 -6.6359
12.135 -7.4859
10.927 -9.1315
8.6575 -7.5059
12.088 -5.5655
15.152 -8.6991
15.297 -7.8789
8.5326 -8.5612
11.259 -9.5362
11.504 -7.7431
10.611 -8.2025
11.314 -7.0287
11.79 -7.5239
11.717 -7.6985
13.239 -8.8145
7.6054 -8.5095
11.125 -7.0414
11.917 -6.9969
12.807 -6.8549
13.499 -7.3997
10.361 -7.6785
7.4884 -8.7035
13.453 -6.7637
8.209 -6.6962
11.979 -8.4758
12.145 -7.7682
11.553 -6.0822
12.078 -10.537
12.443 -9.1499
10.338 -7.8692
10.398 -9.6366
14.233 -9.0393
15.451 -7.6704
11.92 -9.8692
8.5929 -7.4674
11.191 -7.1753
11.332 -7.5069
13.716 -9.1301
11.714 -6.808
7.2901 -8.0896
12.283 -9.594
6.03 -8.3891
13.033 -7.9859
8.6883 -7.0141
10.342 -8.8104
13.957 -6.6937
14.121 -7.4762
10.253 -7.938
10.595 -7.2792
10.642 -7.7493
13.597 -8.29
13.532 -7.9937
9.0508 -6.0445
8.7547 -8.2134
13.722 -7.0125
11.354 -6.9611
12.79 -8.2919
12.873 -6.7686
9.7097 -7.5537
8.0967 -7.4953
10.955 -7.911
9.405 -7.7928
9.6403 -8.4948
9.203 -8.138
10.463 -7.3303
15.392 -5.6575
9.2818 -7.6867
11.46 -8.7607
8.9234 -8.9101
12.114 -7.1914
13.917 -8.3442
11.888 -7.4595
8.8218 -7.9481
11.505 -7.3143
11.205 -7.1856
9.7064 -7.2683
13.959 -7.4417
11.412 -8.8874
9.2176 -8.7656
12.407 -8.182
10.811 -10.03
9.8171 -8.7617
13.197 -8.9384
10.508 -10.046
11.173 -7.3421
9.7746 -7.0823
10.291 -8.0239
11.52 -7.1671
14.74 -6.8609
10.022 -6.3154
10.937 -7.5266
11.475 -8.4779
11.494 -8.2332
11.149 -5.4427
8.9559 -9.103
9.8749 -8.6852
9.4589 -8.6972
7.9572 -10.797
12.5 -6.851
13.968 -9.0268
12.519 -8.1477
11.872 -7.8242
8.7938 -8.641
15.281 -7.1101
10.323 -8.4819
9.895 -7.3903
10.115 -7.9446
10.843 -7.3109
11.404 -9.5957
11.552 -7.1971
8.6874 -7.1701
8.4187 -6.5018
8.2634 -6.7912
15.821 -8.7274
4.9013 -7.8852
13.164 -6.7677
9.067 -7.6307
10.172 -8.0874
13.038 -8.769
8.6746 -7.1141
12.121 -8.1763
10.616 -8.4828
8.9398 -8.2664
11.472 -6.4554
12.449 -8.6705
9.9905 -8.6234
11 -6.6441
9.7394 -7.4288
11.66 -9.2189
8.5415 -8.0854
14.219 -7.9356
13.629 -10.512
10.231 -7.5024
6.9431 -7.6247
8.7618 -8.521
10.099 -7.4969
9.8762 -8.4089
12.121 -7.7403
10.495 -8.5586
13.52 -8.3613
9.4814 -8.9388
9.9156 -9.0916
11.984 -8.9531
14.065 -6.704
8.4109 -10.924
10.02 -8.1167
11.773 -8.4148
11.601 -7.7992
8.8094 -6.9489
8.9499 -6.1644
12.812 -7.6248
13.129 -7.9024
12.687 -8.5494
9.7722 -9.2333
14.656 -7.5595
9.8779 -8.6785
13.827 -7.8134
12.823 -7.689
11.296 -7.186
9.6975 -9.1223
10.829 -9.0267
10.918 -9.7733
6.8271 -7.3766
13.907 -8.7403
12.402 -7.7472
17.023 -8.4743
12.228 -8.4359
10.632 -4.8724
11.793 -9.207
9.5606 -8.2407
10.133 -7.2851
12.819 -7.9205
11.195 -8.4223
13.091 -6.72
9.0984 -7.39
12.977 -9.0156
10.114 -8.3575
10.167 -8.1711
9.035 -6.2496
9.7515 -8.7209
10.778 -9.2547
10.694 -8.7466
9.6875 -6.896
11.511 -8.4859
9.4522 -8.253
14.558 -8.7429
5.501 -7.8802
10.555 -6.9118
13.632 -7.0422
